      x: -1.33510375023
      y: 6.01116752625
      z: 0.0
    orientation: 
      x: 0.0
      y: 0.0
      z: -0.647262845719
      w: 0.762266888007

初期位置
      x: -6.5
      y: 6.0
      z: 6.0
    orientation: 
      x: 0.0
      y: 0.0
      z: -6.09923154112e-06
      w: 0.999999999981

